20 0.9816671839302131
80 0.9916374538047036
40 0.9883234468999635
80 0.9843238086408617
40 0.9856925196072717
80 0.9801869390445073
80 0.9917546787489455
160 0.9794770244986414
80 0.9945935005160352
20 0.976839061226743
80 0.9809655817308855
40 0.9998451589111985
80 0.9852195243360161
80 0.99649134966251
40 0.9571214155758212
40 0.9867090889282014
320 0.9928278231470584
160 0.9790521964737682
160 0.966397667562789
80 0.966989807734077
160 0.9884393442891101
320 0.9900064369733749
80 0.9652814652750205
160 0.9981546535095565
160 0.9795065678029476
80 0.9711614640517514
80 0.9717151994686691
320 0.994230238352988
160 0.9734210884866351
80 0.9846840863614578
20 0.980790624035445
40 0.9749418004991287
80 0.9941695336580992
20 0.9568990620881281
160 0.9849750366885895
40 0.9786391345210784
640 0.9918616866191298
160 0.9660878566068114
320 0.9667708772395469
160 0.9777121925404095
80 0.972811313856057
320 0.9932040806931379
80 0.9999999999999858
80 0.9958779222215097
80 0.9748129292607737
320 0.9945649433879432
320 0.9749417185667675
160 0.9840577048138357
40 0.9680237547204642
640 0.9936900346756806
640 0.9731397539170478
640 0.9965873232626573
160 0.984906488868497
320 0.9784499213974408
160 0.9986528880421962
10 0.9999999999999158
80 0.988568237412344
160 0.9942513530450899
40 0.9906439368762999
80 0.9826296471104665
640 0.984368456158234
320 0.9740950724559734
160 0.9745843897651334
160 0.9944328067725636
320 0.9889737009520632
160 0.9896802392459674
160 0.9720247372954156
320 0.9830145842211817
320 0.9977728578165558
320 0.9839137137854764
320 0.995641643778442
40 0.9939812247674056
80 0.9913215777605524
40 0.9802807235444921
320 0.9933941732348558
160 0.9809820613324931
160 0.9856579942555199
40 0.9860450539156901
640 0.9817912791053008
160 0.9746378509021503
160 0.9906067352465838
320 0.9739851861572786
320 0.9664731879327527
640 0.981576342329522
40 0.9728523697160769
20 0.9999999999999998
640 0.9844256670347658
1280 0.9882731686323268
640 0.98507622511429
40 0.9884765743613684
160 0.9877305490326558
40 0.9731036867578348
40 0.9999999999999771
20 0.9999999999999976
320 0.986847994357439
640 0.9869012042056089
160 0.9893056773827656
320 0.9743171583159445
1280 0.9797494229350697
640 0.9764706397931254
320 0.9711584712732217
10 0.9999999999993918
160 0.9981296119794187
80 0.9891913098039447
40 0.9919183731136825
320 0.9827428045535214
640 0.9958671641187239
1280 0.9943303593291567
640 0.9796728836366071
640 0.99266894971485
[2, 3, 5, 10, 15, 20] [44.0, 65.71428571428571, 98.18181818181819, 154.28571428571428, 235.16129032258064, 336.8292682926829]
