1
1
39
1
10
16
73
9
1
5
1
14
1
19
1
237
9
15
1
1
1
9
225
102
1
1
28
10
1
7
85
29
226
2
10
1
1
1
1
22
1
10
24
1
62
16
10
1
34
23
1
130
1
13
1
4
1
18
19
1
8
1
1
1
1
67
10
48
1
37
1
1
6
1
0 0.02033202967322867
1
4
43
1
10
16
72
9
1
4
1
14
1
16
1
230
8
15
1
1
1
8
116
97
1
1
25
10
1
7
86
37
314
1
10
1
1
1
1
22
234
8
26
1
61
16
9
1
37
22
1
111
1
12
1
4
1
18
20
1
8
1
1
1
1
68
9
60
1
35
1
1
7
1
1 0.028761544787988688
1
140
14
1
10
21
51
10
1
6
47
1
24
16
1
19
1
18
10
68
1
1
1
12
274
9
1
1
18
23
1
5
84
55
1
15
1
1
1
1
11
1
9
53
1
64
13
12
1
14
1
1
12
1
206
1
37
16
1
13
1
1
1
1
51
7
2099
13
3
53
1
1
4
1
2 0.03059890713830115
1
2
12
1
10
23
52
11
1
5
44
1
21
15
1
16
1
17
13
134
1
1
1
10
70
9
1
1
14
22
1
5
80
66
1
15
1
1
1
1
13
289
8
37
1
64
13
12
1
16
1
1
13
1
233
1
36
14
1
12
1
1
1
1
52
7
85
17
3
63
1
1
4
1
3 0.056007529226768805
1
1
14
1
10
21
51
11
1
6
47
1
24
18
1
20
1
16
10
78
1
1
1
12
349
9
1
1
19
17
1
1
81
52
1
14
1
1
1
1
9
1
9
64
1
61
13
12
1
14
1
1
12
1
216
1
37
16
1
13
1
1
1
1
51
5
163
11
2
53
1
1
4
1
4 0.05683694233754603
1
1
6
1
14
20
159
15
1
6
54
1
88
8
1
280
1
18
12
23
1
1
1
11
91
18
1
1
26
15
1
1
211
39
1
13
1
1
1
1
22
1
10
31
1
65
35
12
1
16
1
1
12
1
185
1
22
13
1
18
1
1
1
1
1
12
61
7
2
48
1
1
4
1
5 0.07762866147542498
1
219
6
1
14
23
163
17
1
6
80
1
77
9
89
232
1
16
12
27
1
1
1
10
80
16
1
1
24
21
1
1
204
42
1
9
1
1
1
1
21
18
9
30
1
65
33
12
1
15
1
1
12
1
181
1
21
12
1
18
1
1
1
1
1
11
66
5
1
49
1
1
3
1
6 0.0787247302177149
1
41
21
1
12
22
247
14
1
10
1
28
34
115
32
1
492
12
20
1
1
1
14
110
1568
1
1
15
8
1
1
200
108
80
8
6
1
1
1
1
23
1
8
16
1
61
48
11
1
17
28
1
1
11
1
5
1
16
13
1
18
1
395
1
1
1
1
11
14
1
34
1
1
2
1
7 0.09003972140897896
1
1291
33
1
8
21
66
8
1
9
1
11
1141
1
23
1
185
5
21
1
1
1
12
63
1
1
19
11
1
1
59
41
94
8
8
1
1
1
1
21
25
7
37
1
47
14
11
1
20
87
1
1
8
1
2
1
18
21
1
10
1
78
1
1
1
1
4
11
1
26
1
1
4
1
8 0.113827151421646
1
343
17
1
4
21
16
1
10
1
26
20
117
37
1
181
13
13
1
1
1
13
320
1
1
23
19
1
1
78
41
7
4
1
1
1
1
25
21
6
25
1
52
8
1
16
32
1
1
10
1
1
1
15
17
1
16
1
147
1
1
1
3
2
14
1
1
1
1
1
9 0.11409860038798106
1
301
23
1
9
30
68
10
1
6
1
33
17
88
63
1
8
10
13
1
1
1
14
57
1
1
32
22
1
1
75
9
4
1
1
1
1
18
21
14
28
1
316
8
1
10
31
1
1
13
1
1
1
17
10
1
17
1
197
1
1
1
2
1
105
42
87
1
1
1
1
10 0.13420826414058418
1
404
31
1
14
25
66
7
1
6
1
51
30
75
61
1
5
17
16
1
1
1
13
28
1
1
32
15
1
1
33
7
2
1
1
1
1
23
21
14
17
1
271
7
1
11
38
1
1
14
1
1
1
21
7
1
14
1
144
1
1
1
1
1
75
64
84
1
1
2
1
11 0.1384728683587537
1
305
42
1
9
25
7
1
10
1
16
41
44
39
1
8
3
17
1
1
1
15
23
1
1
38
18
1
6
129
7
3
1
1
1
1
22
19
11
49
1
29
6
1
9
62
1
1
11
1
74
1
32
8
1
10
1
43
1
1
1
1
3
303
37
107
1
1
5
1
12 0.14852333814240332
1
335
48
1
12
27
10
1
10
1
18
69
44
40
1
6
6
21
1
1
1
15
19
1
1
39
17
1
4
73
7
3
1
1
1
1
23
18
11
50
1
38
6
1
8
79
1
1
16
1
73
1
37
6
1
10
1
58
1
1
1
1
618
193
45
115
1
1
5
1
13 0.16371955765762827
1
22
73
1
5
86
12
1
10
122
24
88
1
19
1
5
6
16
1
1
1
14
31
1420
1
1
16
24
1
4
287
37
807
1
1
1
1
1
135
146
11
21
1
26
4
1
22
33
1
1
65
1
63
1
23
4
1
10
1
297
1
45
1
67
32
53
145
22
9
1
1
22
1
14 0.19229326536694144
1
75
20
26
1
4
214
124
9
1
9
184
38
43
24
1
1
10
12
1
1
1
12
19
246
1
1
13
26
1
1
23
39
6
1
1
1
1
1
288
149
10
18
1
546
1
1
14
30
1
215
1
48
1
64
1
22
2
1
13
1
96
1
44
1
3
277
75
152
16
8
1
1
5
1
15 0.19352460733981974
1
21
10
12
1
2
28
119
14
1
13
143
38
45
20
1
1
12
12
1
1
1
12
25
111
1
1
4
15
1
1
46
23
202
6
1
1
1
1
1
81
109
5
15
1
420
2
1
49
31
1
214
1
18
1
3
1
17
3
1
8
1
36
1
46
1
5
454
29
138
9
1
1
5
1
16 0.21179122437239076
1
5
6
1
1
658
305
13
12
1
11
24
352
48
367
31
1
1
29
5
1
1
1
30
22
39
1
1
15
6
1
1
425
12
2
1
1
1
1
1
23
78
3
11
1
1355
1
1
13
1
51
1
19
1
2
1
14
3
1
11
1
15
1
1
4
16
17
108
4
1
1
5
1
17 0.21511140942614218
1
6
3
1
1
11
11
1
13
18
82
31
63
18
1
126
48
5
1
1
1
30
42
37
1
1
8
8
1
1
35
8
107
2
1
1
1
1
1
13
89
4
24
1
16
255
33
1
1
17
1
40
1
25
1
7
1
15
2
1
12
1
12
1
1
3
1
494
151
5
1
1
6
1
18 0.22614892909231296
1
172
10
1
1
49
7
13
1
15
31
68
18
416
15
1
1
28
6
1
10
1
1
65
1
1
1
7
11
1
133
59
5
1
28
1
1
1
1
10
9
4
94
1
20
14
1
1
36
1
15
1
16
1
1
1
9
1
1
9
1
653
11
1
1
3
6
33
115
7
1
1
4
1
19 0.2320117043419664
1
121
7
1
1
28
9
11
1
14
59
108
11
135
16
1
1
27
8
1
10
1
1
66
1
1
9
5
1
128
60
6
77
25
1
1
79
1
10
9
5
253
1
13
11
1
1
148
1
16
1
14
1
1
1
11
1
1
10
1
283
11
1
1
2
4
29
8
6
1
1
3
1
20 0.23946403856421072
1
99
7
42
1
1
82
8
7
1
12
187
9
94
18
1
11
16
9
1
15
1
1
38
223
1
1
21
7
1
101
52
8
63
1
25
1
1
1
1
6
8
5
1
9
17
1
1
140
68
1
13
1
14
1
1
1
26
1
1
10
1
12
1
1
2
4
216
4
5
1
1
3
1
21 0.24637273765542642
1
110
7
35
1
1
55
7
6
1
13
175
5
70
15
1
13
14
13
1
16
1
1
62
808
1
1
19
7
1
23
47
10
62
1
24
1
1
1
1
5
8
5
1
9
16
1
1
380
87
1
19
1
13
1
1
1
24
1
1
11
1
12
1
1
284
1
209
3
6
1
1
3
1
22 0.25703755635622405
1
104
4
68
1
1
48
5
9
1
15
166
21
56
29
1
9
53
20
1
114
14
1
1
228
325
1
1
16
14
1
215
7
19
24
1
22
1
1
67
1
10
5
4
1
9
14
1
1
69
1815
1
12
1
29
1
1
1
507
64
1
10
1
67
16
1
1
8
1
122
2
3
1
1
2
1
23 0.27133915472824316
1
82
8
20
1
1
40
5
6
83
21
73
13
53
26
1
6
61
24
1
59
11
1
1
121
1
1
37
15
1
27
7
10
72
1
22
1
1
14
90
1
12
4
5
1
9
8
1
1
38
64
1
18
1
110
1
1
1
264
55
1
9
1
39
70
15
1
1
1
1
409
2
2
1
1
1
1
24 0.28295159369048284
1
308
11
39
1
1
22
6
7
88
21
191
50
68
88
15
1
7
64
15
1
15
1
1
235
1
1
124
6
1
16
6
12
30
6
23
1
1
23
73
1
17
4
3
1
9
13
1
1
17
1
58
1
34
1
175
1
17
61
1
6
1
64
71
10
1
1
1
82
117
1
1
1
1
1
1
25 0.2976102912151955
1
51
7
16
1
1
8
7
5
61
24
1
31
103
16133
36
1
3
166
59
1
8
1
1
2802
1
1
6
1
38
22
14
1450
2
5
1
1
67
1
13
4
2
1
7
25
38
1
203
19
1
1
16
1
257
1
9
33
1
8
1
765
17
16
1
17
1
22
139
196
1
1
1
1
33
1
26 0.3028821924238428
1
1
8
9
15
1
1
12
399
5
4
72
29
1
65
17
11409
124
1
3
38
67
1
6
1
1
335
1
1
7
34
355
23
14
44
2
6
1
1
21
194
1
8
4
1
1
5
1943
31
1
18
23
1
1
12
1
1
1
148
32
1
6
1
88
11
12
1
10
1
9
212
156
1
1
1
1
1
1
27 0.31286216012027623
1
7
11
30
1
27
12
78
7
5
54
22
13
48
245
27
1
1
23
1
35
10
1
1
87
1
1
18
38
192
1259
33
11
1
6
1
1
45
27
1
6
1
145
270
1
5
361
36
1
61
18
1
1
13
1
48
79
1
125
47
1
4
1
35
25
18
1
19
1
10
18
45
1
1
1
179
1
28 0.314492787074768
1
7
7
1
49
8
9
10
52
25
53
13
2661
17
1
1
91
1421
1
7
1
1
67
1
1
15
35
35
596
11
37
1
5
1
1
230
1
1
11
1
2
26
1
6
33
38
1
17
1
150
1
12
1
4
1
22
31
1
4
1
22
15
13
1
59
1
900
5
150
1
1
1
978
1
29 0.3231019081851084
1
6
12
19
1
41
6
11
6
68
27
15
58
881
23
1
1
46
170
1
35
6
1
1
55
1
1
16
35
767
192
9
31
1
7
1
1
19
38
1
9
1
1
39
1
4
41
33
1
97
20
1
1
13
1
8
1
149
35
1
3
1
15
14
7
1
28
1
23
4
94
1
33
1
1
1
30 0.3254130442683899
1
8
5
17
1
38
7
22
7
51
15
39
12
116
98
1
165
276
1
12
8
1
1
54
59
1
1
39
2538
74
14
474
1
7
1
1
24
41
1
6
1
1
104
1
3
42
45
1
17
209
1
1
13
1
10
24
1
45
36
1
3
1
15
10
230
1
28
34
1
27
730
78
9
35
1
92
1
31 0.35301860328494
1
4
6
14
1
3
17
6
69
16
27
10
24
1
138
88
1
16
10
1
13
1
56
1
1
40
327
111
9
268
1
5
1
1
11
42
1
5
1
1
182
1
2
11
1
9
167
1
1
13
1
7
23
1
42
1
1
1
20
15
264
1
45
18
1
18
862
27
6
36
1
74
1
32 0.3681310411256175
1
1
5
7
19
1
10
19
3
69
83
35
10
281
1
159
39
1
15
5
1
20
1
127
1
1
15
62
4
73
1
3
1
1
11
579
1
3
8
37
1
1
7
1
8
116
1
102
1
19
65
1
7
57
1
43
1
1
1
17
9
429
1
15
93
1
932
592
11
4
1
1
52
1
33 0.3728379179378902
1
1
4
10
61
1
9
13
15
3
109
144
8463
5
34
184
1
1
12
1
34
5
1
23
1
52
1
1
28
10
96
6
34
1
2
1
1
22
96
1
2
7
41
1
1
14
1
42
6
49027
1
159
1
16
51
1
4
45
1
144
1
76
1
20
10
181
1
22
1
829
1
6
3
31
1
60
1
34 0.38079233764077886
1
1
4
14
50
1
10
9
22
2
429
192
97
6
41
159
1
57
45
1
31
10
1
29
1
27
1
1
45
286
8
10
35
1
2
1
1
22
61
1
5
6
47
1
1
14
1
60
8
337
1
51
1
168
43
1
4
32
1
91
1
81
1
19
12
99
1
10
1
9
79
5
2
28
1
80
1
35 0.3848802604112697
1
68
6
14
1
13
9
14
2
319
105
61
31
31
39
1
1
29
97
1
283
5
1
34
1
1
1
13
9
11
7
9
2
1
1
18
243
1
5
7
43
145
1
1
13
1
35
10
20
1
1
43
1
2
1
1100
1
118
1
14
11
61
1
16
1
315
1
9
1
1
1
68
1
36 0.39405704412106984
1
71
15
7
22
1
21
148
9
2
106
13
16
201
279
1
1
14
1
13
124
1
57
1
154
1
1
28
139
6
36
24
23
1
1
1
17
64
1
1
7
1
1
8
691
1
8
23
1
25
1
820
86
1
1
49
1
41
1
219
1
26
20
548
1
6
1
4
1
73
170
1
1
57
1
37 0.3947666741254942
1
7
11
7
272
1
17
2
175
11
17
9
5744
1
1
13
19
1
6
1
1
49
1
1
26
173
5
32
10
93
1
1
1
7
735
1
3
31
1
1
14
29
20
1
10
15
1
13
1
48
1071
1
1
1
32
23
1
5
1
36
17
1
23
1
5
1
42
5
7
1
1
1
38 0.40125050922958155
1
26
2
11
9
49
1
16
10
1
122
13
5
17
50
1
1
121
33
1
10
1
1
54
63
1
1
101
42
58
3
7
61
1
1
1
23
32
1
111
34
46
1
6
34
1
2
1
17
16
1
14
1
81
17
1
1
1
31
4
1
8
1
29
214
1
13
1
4
1
113
1
3
5
1
82
1
39 0.41170047646581986
1
18
1
4
152
1
45
62
13
11
1
79
13
9
31
64
1
1
29
1
25
1
122
1
141
1
1
86
48
68
3
11
7
329
1
1
1
86
29
1
1
35
572
276
1
138
1
4
1
33
17
1
12
1
19
1
3
93
1
9
1
13
1
21
309
1
27
1
3
1
48
5
2
1
275
1
40 0.41281832576826044
1
16
1
3
17
11
1
79
18
8
1
105
404
150
13
22
33
1
1
154
21
1
20
1
77
1
84
939
1
1
17
68
98
3
7
45
68
1
1
1
38
420
1
1
3
58
1
367
81
55
8
1
17
563
1
14
1
11
1
3
1
33
1
362
1
12
3832
1
15
1
3
1
193
1
2
1
105
1
41 0.42264904699169914
1
14
1
4
21
12
1
72
18
10
1
90
3124
13
20
38
1
1
69
16
1
22
1
152
1
96
1
1
12
62
106
1
6
22
21
1
1
1
26
338
1
1
3
56
1
322
70
48
4
1
673
21
53
1
11
1
7
1
3
1
37
1
8
1
12
44
1
8
1
2
1
96
1
2
1
97
1
42 0.42361780693136564
1
1
3
16
6
1
15
18
9
1
40
58
9
361
48
1
1
15
22
1
21
1
358
1
73
1
1
11
20
7
1
6
22
18
1
1
1
19
183
1
5
4
49
1
58
47
74
5
1
362
13
1
17
1
17
16
1
3
1
206
1
1457
1
10
21
1
24
1
18
2
118
1
3
1
69
1
43 0.43263927924943635
1
1
5
13
7
1
17
11
1
34
16
7
41
1
4
11
22
1
12
1
1
24
1
1
10
13
207
1
16
4
172
1
1
1
10
7147
1
2
2
1
1
15
11
62
6
1
17
8
1
16
1
18
10
1
1
1
52
1
8
1
14
23
1
11
1
4
2
38
4
1
1
46
1
44 0.43728165226024907
1
7
1
3
9
8
1
348
14
23
1
40
17
6
38
1
4
13
20
1
22
1
1
26
1
1
22
14
187
1
18
23
219
1
1
1
9
106
1
1
1
23
1
1707
33
54
8
1
29
7
1
16
1
29
11
1
1
1
35
1
4
1
15
21
1
10
1
5
3
89
4
1
1
33
1
45 0.4437890074085359
1
7
3
5
9
29
1
638
11
12
1
26
10
67
7
55
1
2
9
16
1
10
1
1
38
1
1
129
14
99
1
55
4
36
1
1
1
18
28
1
1
1
38
1
18
39
4
1
3
1
43
1
25
13
1
1
1
10
1
3
1
55
20
1
77
1
5
2
36
200
1
1
1
46 0.4487558952960369
1
21
6
3
13
15
1
14
14
51
1
12
168
19
6
36
1
2
16
1
15
1
1
680
36
1
1
11
109
1
28
3
7
5
1
1
1
101
1
41
1
20
48
2
1
9
1
1
9
10
1
45
402
1
97
1
3
1
19
133
1
6
99
1
5
1
51
1
1
1
52
1
47 0.4525949217198716
1
18
5
2
43
19
1
37
11
17
39
1
11
31
20
9
1
1
14
685
1
23
36
1
1
36
1
1
12
141
1
8
26
6
3
1
1
1
1
1
120
1
171
50
3
1
9
1
1
11
14
1
1
1
1
1
1
75
10
163
1
17
69
1
5
1
127
1
1
1
26
1
48 0.45851591716678564
1
19
4
2
52
15
1
52
10
44
27
1
19
54
25
6
1
1
12
1
35
29
1
17
1
64
1
1
10
145
1
8
30
6
3
1
1
1
79
76
173
1
234
157
2
1
6
1
1
14
12
1
1
81
1
1
1
1
406
6
189
1
17
28
1
3
1
129
1
1
1
29
1
49 0.4615984294397475
1
4
5
11
12
1
15
21
16
13
46
3
1
2
8
1
10
1
14
1
92
29
1
1
11
74
1
42
2
14
4
1
1
1
28
66
29
1
11
86
8
1
28
8
1
1
11
7
1
1
52
1
25
1
1
1
12
98
1
4
23
1
1
1
37
99
1
1
74
1
50 0.4642202380941678
1
3
13
14
5
1
13
93
24
11
19
5
1
1
10
1
12
1
18
1
26
1
1
13
4
1
28
2
14
4
1
1
138
1
13
59
1
11
412
13
1
387
8
1
1
13
15
1
1
34
1
41
1
1
120
85
18
95
1
8
10
1
1
1
43
98
1
1
427
1
51 0.4661506593193212
1
61
2
19
14
19
1
12
36
46
10
41
12
41
1
1
22
1
13
1
13
1
10
1
1
14
5
12
55
2
19
4
1
1
1
273
1
1
9
113
9
1
59
8
1
1
119
11
1
1
44
1
14
1
1
140
48
14
46
1
10
13
1
1
1
32
123
1
1
56
1
52 0.4663830999319736
1
17
3
3
60
1
66
12
45
54
13
31
22
16
794
1
1
21
1
19
1
20
1
18
1
1
15
3
10
8
31
3
2
1
1
1
1
1
22
1
242
183
7
1
8
1
1
3589
7
1
2
137
1
47
1
1
1
25
23
58
1
10
12
1
1
1
160
1
1
1
18
1
53 0.4702809793113645
1
1
638
16
40
1
15
23
22
10
96
12
34
1
1
23
1
8
1
27
1
9
1
1
12
5
10
54
2
22
5
1
1
1
11
1
145
1
10
69
3
1
123
7
1
1
158
11
1
1
68
1
6
1
106
1
49
41
49
1
6
20
1
96
1
36
111
1
1
17
1
54 0.47361808463761745
1
39
1
4
1
58
10
28
24
15
20
50
18
1
1
21
300
1
15
1
35
1
15
1
1
13
4
9
11
28
2
2
1
1
1
185
1
20
17
1
183
82
8
1
8
1
1
66
16
1
1
1
25
1
101
1
30
38
51
1
9
11
1
1
1
145
1
1
1
7
1
55 0.47816063252993307
1
1
4073
29
1
11
21
14
13
57
16
193
1
4
17
1
9
1
30
1
7
1
1
10
4
11
15
2
11
2
1
1
1
8
1
865
45
1
11
54
4
1
7
1
126
1
819
14
1
1
313
1
10
1
161
1
44
881
45
1
4
14
1
116
1
43
73
1
1
9
1
56 0.4869795926882985
1
1
10
1
54
12
25
25
32
19
18
1
1
15
115
1
10
1
43
1
14
1
1
15
3
10
14
23
10
2
1
1
1
15
40
46
18
1
246
62
9
1
9
1
181
1
120
24
1
4
1
16
1
148
1
31
6276
48
1
12
14
1
79
1
119
52
1
1
6
1
57 0.4889879698770987
1
1
5
140
1
90
9
23
26
24380
30
15
1
1
14
45
1
9
1
28
1
12
1
1
14
3
8
14
74
13
2
1
1
1
14
27
49
1
480
68
1
1
4064
9
1
41
1
159
22
1
4
1
24
1
115
1
20
29
42
1
10
11
1
1
51
474
64
1
1
6
1
58 0.499724928447902
1
101
223
2
56
1
81
13
19
13
22
189
11
336
1
1
23
30
1
8
1
24
1
19
1
1
8
1
7
11
77
12
1
1
1
1
501
27
32
1
309
42
7
1
5
1
16
1
1571
16
1
3
1
19
1
77
1
313
56
57
1
9
17
1
3
1
406
63
1
1
5
1
59 0.5020484747559588
1
15
2
5
154
1
43
129
21
10
11
54
9
23
1
1
18
12
1
6
1
28
1
374
19
58
1
1
16
1
7
13
8
23
1
1
1
1
1
93
14
1
176
65
9
1
4
1
14
1
71
23
1
10
1
9
1
108
1
182
1
16
14
1
4
1
59
224
10
1
13
1
60 0.5192229217744437
1
12
1
5
1
66
82
76
12
13
22
10
20
1
79
10
15
1
4
1
135
1
18
32
1
1
181
5
2
14
5
19
1
1
1
1
58
85
43
13
1
272
358
10
1
4
1
16
1
54
131
1
8
1
7
1
485
1
49
1
36
9
1
1
54
215
6
1
19
1
61 0.5230241407009019
1
13
7
5
1
70
131
76
12
12
18
9
20
1
80
9
15
1
4
1
70
1
26
32
1
1
191
4
2
13
4
20
1
1
1
32
60
213
68
17
1
307
361
8
1
2
1
19
1
51
89
1
6
1
6
1
428
52
1
36
17
1
1
54
269
5
1
22
1
62 0.5293842362730165
1
20
1
275
1
117
17
6
7
7
32
1
67
9
13
1
4
1
180
1
46
21
1
1
96
2
2
13
6
1
1
1
1
37
96
41
65
93
95
1
5
20
20
7
1
340
1
1
18
1
92
21
1
3
1
4
1
790
21
1
53
17
1
1
41
18
5
1
16
1
63 0.5339169315200308
1
1
224
94
101
1
52
88
18
6
37
18
5
1
62
3
15
1
6
1
1
40
61
1
1
48
1
1
13
5
684
1
1
1
1
16
334
50
1
155
33
20
8
1
1
1
49
1
6
27
1
3
1
22
1
25
19
1
81
29
1
1
7
27
5
1
32
1
64 0.5376842234541322
1
77
5
8
16
1
25
35
6
5
18
4
1
110
6
7
1
4
1
67
1
20
1
1
12
1
1
15
4
40
1
1
1
1
257
166
30
1
118
19
122
6
1
36
84
1
10
1
10
4
1
6
1
7
1
271
39
53
1
133
29
1
2
10
150
5
1
9
1
65 0.5470463986737591
1
181
1
1
8
58
1
57
32
9
5
11
2
1
136
5
5
1
3
1
72
1
20
1
1
13
1
41
13
10
246
1
1
1
22
1
805
10
1
226
13
126
6
1
21
1
1
8
1
12
7
1
2
1
10
1
306
14
43
1
27
154
1
1
13
15
5
1
8
1
66 0.5510009867524008
1
1
1
119
1
56
125
5
3
121
5
51
1
1
120
4
11
1
22
1
1
15
92
1
1
18
26
86
23
11
2
8
33
1
1
14
34
4
18
18
63
1
225
7
22
9
1
1
1
8
4
1
34
25
1
1
1
7
1
1
16
1
14
1
5
560
1
3
1
36
4
1
67 0.5573173562022125
1
70
1
60
73
1
145
5
2
8
31
1
1
9
5
11
1
6
1
1
16
55
1
1
16
26
70
35
12
2
6
32
1
1
13
33
3
19
5
1
18
8
37
7
1
172
1
1
12
1
1
42
25
1
1
1
4
26
1
14
1
14
1
5
449
40
2
1
36
5
1
68 0.5595429063597447
1
1
1
421
28
1
109
206
6
2
8
26
1
1
36
5
10
1
8
1
1
15
1
1
11
21
70
29
11
1
6
1
1
15
28
3
14
11
1
466
11
53
12
1
170
1
1
12
5
1
276
20
1
3
1
4
30
1
14
31
1
11
1
5
719
17
57
2
1
31
8
1
69 0.5666450800620163
1
45
1
70
25
1
219
6
1
7
30
1
1
15
5
8
1
6
1
1
15
1
1
15
20
67
27
13
1
4
1
1
16
26
3
11
18
1
125
7
52
11
1
70
1
1
12
8
1
3162
20
1
126
1
3
28
1
10
42
1
12
1
3
732
19
63
2
1
32
8
1
70 0.5686872593957449
1
1
1
48
23
1
31
129
6
1
31
19
24
1
53
1
57
4
6
1
7
1
1
21
1
1
12
24
89
1529
6
1
2
1
1
18
36
4
11
17
1
184
13
33
11
1
6
50
1
10
7
1
467
41
1
2
1
4
25
1
10
13
1
14
1
1
107
9
59
1
1
21
16
1
71 0.5692218140347983
1
1
1
42
14
1
48
77
6
1
44
19
28
1
566
154
1
17
4
8
1
5
1
1
26
1
1
5
365
4
282
6
1
3
1
1
26
39
4
11
15
1
242
8
21
14
1
12
45
1
12
5
1
640
85
1
2
1
4
1
1
8
11
1
12
1
1
32
8
60
1
1
35
25
1
72 0.5715790321482365
1
1
1
72
10
1
51
46
6
1
54
22
17
1
95
1
32
3
8
1
6
1
45
1
25
1
1
8
51
5
252
5
1
3
1
1
26
37
4
10
9
1
290
10
18
13
1
6
46
1
13
3
1
284
95
1
1
1
4
1
141
10
11
1
13
1
1
33
10
62
1
1
93
25
1
73 0.571614241875497
1
1
1
38
7
1
57
7
1
114
17
120
1
63
1
20
3
8
1
6
1
28
1
28
1
1
8
19
4
224
5
1
3
10
1
1
29
57
3
9
12
1
14
13
16
10
1
9
1
1
16
4
1
55
25
1
3
1
12
30
1
10
22
1
8
1
1
33
10
51
1
1
60
11
1
74 0.5861091105551228
1
1
35
26
8
1
57
7
1
294
19
90
1
64
1
14
2
5
1
5
1
27
1
26
1
1
8
14
3
227
5
1
2
10
1
1
32
57
1
6
15
1
12
13
15
14
1
7
41
1
16
3
1
58
24
1
145
1
11
1
6
22
1
9
1
109
35
10
56
1
1
62
10
1
75 0.5868463520485406
1
7
1
44
31
5
1
105
13
1
107
15
20
40
1
113
2
5
1
6
1
466
1
27
1
1
83
237
11
2
7
1
1
14
1
1
42
45
35
1
3
12
1
15
20
16
6
1
5
57
1
30
5
1
124
20
1
1
1
5
2146
6
12
1
13
1
26
75
7
48
1
1
20
187
1
76 0.5869608653188553
1
8
1
33
17
7
1
150
11
1
17
23
24
1
8
2
5
1
5
1
1
18
1
1
118
2661
13
2
6
1
2
13
1
1
35
47
35
1
3
9
1
8
20
23
8
1
7
109
58
1
24
5
1
95
15
1
1
1
4
36
7
12
1
10
1
15
78
7
75
1
1
17
119
1
77 0.5974882086701884
1
7
1
46
27
6
1
53
5
28
15
22
39
13
1
10
1
5
1
4
1
1
16
1
1
36
142
2
11
1
2
11
1
1
25
1
3
13
1
5
51
228
14
1
8
40
50
1
41
2
1
49
8
1
83
11
1
1
20
4
12
1
8
45
1
4
1
5
95
1
1
20
107
1
78 0.6010858198469737
1
16
34
43
17
6
1
185
5
32
18
131
31
22
1
6
164
5
1
5
1
1
13
1
1
208
14
8
1
8
1
1
7
1
1
13
1
2
13
1
9
49
692
12
1
8
130
78
1
10
1
20
8
1
87
37
1
1
18
11
9
1
8
1
13
10
5
55
1
1
54
56
1
79 0.6024673611683774
1
13
1
66
21
7
1
602
3
35
18
44
52
1
5
167
8
1
4
1
1
12
1
1
12
8
1
13
1
1
10
1
1
9
64
1
28
1
7
45
78
10
1
13
27
43
1
113
16
1
19
7
1
1
41
1
1
24
4
11
1
9
30
1
21
9
2
16
1
1
59
1
80 0.6025025342458673
1
18
4
51
117
8
1
63
53
6
62
39
87
40
1
4
1
66
1
3
1
1
15
1
1
15
10
1
244
1
1
84
1
1
19
55
1
18
1
8
191
2
1
23
77
110
1
17
1
16
8
1
1
27
1
1
15
10
13
1
16
15
1
14
12
77
6
37
411
1
526
87
1
81 0.6029355305237829
1
16
4
52
94
6
1
32
9180
5
53
16
812
44
74
1
7
1
1628
1
3
15
1
1
17
1
1
13
4
1
106
1
1
16
1
1
28
86
1
12
1
9
1047
5
1
22
16
72
1
15
1
14
8
1
335
23
326
1
1
21
11
13
1
14
17
1
169
9
5
22
1
1
95
1
82 0.6124272162229433
1
11
12
69
10
1
12
557
6
54
38
89
43
9
1
101
1
420
1
1
13
1
1
13
1
1
6
21
1
15
1
3
11
1
1
37
55
1
20
23
1
17
62
4
1
12
39
132
1
10
1
6
6
1
4
13
115
1
8
1
76
11
10
1
8
22
1
13
7
3
261
58
1
130
158
1
83 0.618336955030689
1
16
13
206
10
1
17
208
8
65
14
20
67
22
1
15
1
235
1
1
23
1
71
1
11
1
1
6
9
1
107
1
18
1
1
51
72
65
65
23
1
8
27
4
1
12
21
52
1
24
1
5
5
1
6
17
54
1
14
51
283
8
18
1
14
13
1
266
2
3
2
74
1
203
1
84 0.6340088457387537
1
50
13
63
8
1
28
6
131
19
25
127
29
1
4
96
143
1
91
32
1
245
1
6
1
1
3
1557
1
81
1
8
1
1
26
225
66
13
176
1
6
66
5
1
41
17
55
1
52
1
2
3
1
1
23
50
1
17
108
1098
12
11
1
9
11
1
11
2
19
1
3
66
1
114
1
85 0.6347510501835089
1
4
33
124
37
1
23
20
32
33
143
42
1
4
33
137
1
74
14
1
143
1
6
28
1
1
3
592
1
81
17
49
16
1
1
17
1
9
1
5
414
44
3
1
19
115
1
21
1
3
5
1
1
36
1
24
94
875
15
94
1
9
16
1
16
2
18
1
5
105
1
25
1
86 0.6365414187645021
1
27
8
33
30
1
51
990
7
16
26
1
3
1
162
1
65
1
1
8
13
1
1
6
106
11
64
11
37
48
1
1
93
1
8
65
1
3
553
227
182
5
1
11
51
1
28
2
1
79
3
1
1
12
48
1
7
40
12
47
1
8
10
1
4
1
14
1
4
247
1
78
17
1
87 0.6402823017602757
1
11
7
2053
1
19
1080
108
221
15
47
59
1
1
1
27
1
1
16
1
44
1
10
142
1
1
60
220
9
6
104
174
26
1
1
1
49
511
9
31
1
5
5214
30
9
1
66
35
50
1
40
4
1
28
11
1
1
11
1
8
70
253
10
622
1
31
18
1
7
1
391
14
166
1
200
17
1
88 0.6438404138520903
1
32
11
27
21
2249
1
39
161
7
22
26
1053
1
1
37
175
1
25
1
1
6
32
1
1
3
1
6
58
11
50
9
1
1
133
40
10
1
3
56
142
46
5
1
7
65
1
21
14
1
5262
4
1
1
10
59
1
6
42
13
104
1
8
12
1
2
1
22
1
5
82
1
24
17
1
89 0.6468849293032
1
26
9
31
34
1
4
7
91
17
58
5
11
1
1
58
147
1
113
1
1
3
22
1
1
2
1
10
63
14
78
22
1
1
66
1
10
19
1
1
33
49
27
8
1
11
174
1
22
13
1
67
5
1
1
16
35
1
31
6
19
12
19
74
1
40
8
89
1
2
1
21
1
6
161
1
23
14
1
90 0.6474793537758118
1
10
8
72
1
4
14
58
43
41
4
12
1
1
1
273
1
1
1
1
5
58
1
1
3
1
9
34
33
624
21
1
1
28
1
22
24
10
1
1
132
53
13
5
1
13
165
1
21
11
1
60
5
1
2
8
89
1
20
18
22
36
22
173
1
27
11
111
1
2
1
180
20
152
1
26
13
1
91 0.6508630870722194
1
17
7
53
1
4
23
48
189
29
5
18
1
1
1
138
1
51
211
1
1
7
27
1
1
4
5
10
26
44
472
37
1
1
32
62
17
23
11
1
1
267
75
14
5
1
12
118
1
369
4
1
19
6
1
1
15
43
1
15
902
14
14
133
1
32
8
501
1
1
1
175
18
332
1
48
18
1
92 0.6548157543049951
1
13
7
30
32
1
4
16
60
17
29
4
15
153
1
2
54
79
1
181
1
1
5
24
1
1
2
28
8
74
16
85
22
1
1
77
62
8
19
1
1
36
64
13
6
1
10
119
1
65
13
1
747
6
1
1
14
25
1
57
4
106
10
31
75
1
39
7
168
1
1
1
17
59
3
210
1
32
23
1
93 0.6577088725037046
1
12
8
30
36
1
4
73
142
30
20
10
610
37
1
2
58
144
1
278
1
1
6
15
1
1
1
2
7
385
21
74
82
1
1
42
72
12
17
1
1
76
349
40
20
1
12
69
1
20
7
1
170
9
1
1
12
33
1
77
3
4
65
63
1
20
6
21
1
1
1
95
58
2
17
1
23
37
1
94 0.6596383908171086
1
6
13
1
3
60
480
82
120
20
16
77
1
1
41
1845
1
65
1
1
5
107
1
1
1
2
8
7
1113
110
1
1
1
126
25
20
8
1
1
87
18
16
1
41
20
79
1
37
3
1
805
31
1
1
17
474
1
23
5
5
58
429
1
23
16
37
1
1
1
26
16
18
1
27
22
1
95 0.6626260088935866
1
19
11
8
1
5
124
156
18
24
11
118
1
1
50
120
1
49
1
1
6
24
1
1
1
2
6
159
22
69
144
1
1
62
53
107
13
12
1
35
50
694
38
57
1
15
77
1
18
6
1
471
8
1
1
12
40
1
2
4
666
99
1
26
5
41
1
1
1
37
74
2
19
1
18
267
1
96 0.6650409457405749
1
7
17
1
2
108
211
82
149
26
19
40
1
1
39
4694
1
95
1
1
3
539
1
1
1
2
3
9
58
300
1
1
30
379
15
62
9
1
1
39
19
16
1
37
21
1
22
4
1
23
24
1
1
10
961
1
28
3
5
62
1
19
10
95
1
1
33
12
1430
38
1
28
58
1
97 0.6684718883626425
1
16
17
16
1
5
418
125
133
39
16
10
82
1
5
37
183
1
48
1
1
4
66
100
1
1
1
2
3
67
152
121
597
1
1
52
50
298
12
15
1
26
55
83
37
83
1
16
1
18
9
1
57
12
1
1
6
41
1
1
6
394
1
28
7
59
1
1
29
577
2
90
1
28
201
1
98 0.6725781245774411
1
15
14
17
1
4
77
154
212
35
17
8
40
1
1
32
310
1
150
1
1
3
65
79
1
1
91
1
3
1194
96
106
725
1
1
480
43
230
17
15
1
25
67
309
38
75
1
13
1
8
3
1
44
9
1
1
12
84
1
1
413
6
311
1
21
8
74
1
15
24
243
413
1
89
1
17
2243
1
99 0.6747573716299423
1
21
181
17
1
5
1433
94
47
13
11
15
1
2
36
216
1
169
8
1
1
2
193
1
1
29
118
264
3
23
45
122
14
1
1
77
24
24
24
1
26
190
7122
26
244
1
9
1
12
4
1
11
9
1
1
14
48
1
59
1
6
57
710
1
43
6
1
16
50
177
1
74
1
135
38
1
100 0.6773243263957407
1
21
167
23
1
4
104
486
99
176
15
12
11
1
1
34
274
1
109
8
1
1
2
4803
1
1
16
92
372
2
11
225
14
1
1
59
19
22
21
1
22
101
27
55
1
14
1
16
5
1
10
11
1
12
3
78
1
27
1
4
90
24665
1
42
3
1
15
53
57
7
69
1
18
1
101 0.6845742406574472
1
24
241
18
1
2
18
58
204
81
124
33
12
22
1
1
36
90
1
367
7
1
1
1
323
1
1
24
69
23
1
23
94
250
12
1
1
31
17
20
1
20
238
55
1
43
16
1
4
4
1
13
12
1
17
18
1
87
1
1
18
41
1
221
8
1
12
42
416
7
67
1
76
1
102 0.6863653659595715
1
36
218
27
1
2
18
87
1547
38495
42
75
30
13
16
1
99
39
379
1
167
9
1
49
1
1
1
1
28
141
653
1
11
100
189
12
1
1
100
293
22
31
23
1
22
11
400
1
22
16
1
4
5
1
15
8
1
7
13
1
54
1
1
20
83
35
1
12
1
7
46
410
3
51
1
384
1
103 0.6866358995672419
1
243
17
1
2
15
79
289
53
111
71
13
19
1
1
1037
1
95
5
1
46
1
1
1
1
15
622
4
1
8
180
378
12
1
1
16
55
22
31
26
1
15
13
1
24
16
1
6
17
1
9
10
1
5
43
263
1
26
1
1
21
65
15
1
8
1
113
6
828
11
61
149
81
1
104 0.697712488205176
1
110
10
13
1
1
23
35
86
55
18
68
1
7
381
1
27
4
1
25
1
292
1
1
145
2
1
5
18
77
6
1
1
13
240
20
17
22
1
5
8
57
1
17
1
5
21
1
10
7
1
1
15
93
1
1
1
129
73
19
10
1
12
431
1
92
5
79
2
39
1089
50
1
105 0.7026532254153466
1
155
9
17
1
1
17
50
142
35
1
16
67
1
79
5
1
32
1
278
1
1
20
177
1
1
2
18
6
3
1
1
12
117
20
20
12
1
7
7
56
1
19
1
9
8
1
9
6
1
20
23
1
1
1
75
13
7
1
10
1
92
5
60
1
29
23
48
1
106 0.7029755570327627
1
155
12
37
1
1
26
31
81
30
76
1
11
26
1
2497
3
1
27
1
13
1
1
14
208
1
1
3
18
5
2
1
1
18
106
22
20
21
1
8
10
73
1
17
1
2
7
1
8
5
1
1
13
1
570
1
1
241
21
6
1
13
1
7
5
64
1
32
721
65
1
107 0.7118620697373215
1
2844
19
1
1
13
64
79
188
298
11
1
330
17
1
49
4
1
24
1
343
1
1
4
83
99
1
2
12
4
1
1
1
22
134
22
39
16
23
1
6
6
1
63
56
1
11
12
1
4
1
1
17
73
1
134
19417
100
23
5
1
17
1
6
5
58
1
32
327
72
1
108 0.7176993938572489
1
14
11
1
1
14
280
73
32
24
1
2
27
1
66
4
1
1
138
44
1
1
9
162
1
1
1
12
4
1
1
1
14
30
158
8
19
1
11
23
82
50
1
28
1
6
5
1
1
60
1
111
17
1
5
29
4
1
13
1
4
5
10
50
71
166
46
1
109 0.7179095690382696
1
4
19
1
1
16
133
38
61
135
13
1
2
27
1
79
6
1
1
123
21
1
1
8
79
1
1
1
9
9
1
1
1
11
122
75
12
6
1
17
20
62
1
19
1
5
12
1
1
50
1
132
15
1
6
36
4
1
15
1
5
6
14
39
122
52
152
32
1
110 0.7179127627930929
1
37
4
18
1
1
22
27
38
23
44
9
17
1
2
10
1
10
7
1
1
1
11
1
1
10
63
1
14
1
12
7
1
1
1
5
109
69
14
12
1
7
12
1
15
42
1
3
12
1
1
63
1
1
8
1
10
14
3
1
31
15
1
3
104
10
40
168
19
289
28
1
111 0.7261890923816621
1
116
3
68
1
1
15
628
38
39
367
6
11
1
1
22
1
11
5
1
1
47
15
1
1
9
36
2
492
1
7
19
1
1
1
8
469
78
11
15
1
5
6
135
1
20
143
1
17
8
1
1
38
1
163
16
1
2
18
13
3
1
30
33
1
1
52
14
37
182
13
16
24
1
112 0.7274047647275035
1
36
3
1
51
17
787
188
797
2740
4
11
1
1
22
1
10
4
1
1
46
12
1
1
12
30
1
525
97
10
5
1
1
1
6
125
79
8
60
5
1
9
4
181
1
237
25
1
23
6
1
1
1
1
9
12
1
2
32
14
2
1
32
1198
1
1
20
30
51
100
10
23
24
1
113 0.733517709345265
1
19
2
132
1
60
17
39
184
126
14
14
1
69
8
1
14
5
1
1
69
16
1
1
9
66
1
9
1
12
3
1
1
1
9
58
59
36
11
1
15
12
852
1
13
67
1
2
8
1
45
63
1
12
12
1
15
17
2
1
22
125
1
3
97
16
56
125
11
118
31
1
114 0.7362878784967826
1
57
2
1
62
11
75
325
10
53
513
65
12
17
1
111
1185
1
54
6
1
1
74
19
17
1
1
20
45
1
7
1
7
137
1
1
1
14
182
45
57
89
5
1
18
267
88
21
1
10
1
5
14
1
45
58
1
11
8
265
1
8
34
22
1
1
18
30
1
3
47
8
26
6
19
1
34
1
115 0.7383925628002496
1
120
1
25
1
56
14
169
75
52
17
10
29
13
24
1
134
24
1
512
3
1
1
97
38
16
1
1
10
51
1
7
1
8
1
23
1
1
10
16
441
2
71
16
1
14
28
52
1
7
1
4
19
1
45
109
1
11
11
1
131
13
51
30
1
1
31
13
1
1
51
16
32
3
230
331
26
1
116 0.7397281023600946
1
1
77
1
58
13
85
45
90
52
11
10
12
1
1
912
1
138
3
1
1
55
144
12
1
1
5
1
2
8
1
7
1
26
1
1
6
15
30
65
4
32
18
1
13
12
25
1
10
1
5
11
1
41
47
1
7
10
219
1
4
19
19
1
1
50
13
1
1
111
10
38
3
184
10
23
1
117 0.7472591300680104
1
785
1
90
38
1
60
19
123
150
135
19
11
27
6
25
1
98
21
1
169
1
1
1
86
51
16
1
1
9
41
1
5
1
7
1
26
1
1
10
10
3950
2
11
1
14
511
43
1
5
1
3
15
1
49
83
1
5
11
1
40
7
51
19
1
1
24
13
1
3
58
8
40
3
309
43
1
118 0.755524094483367
1
199
2
1
6
98
481
13
22
19
11
1
78
264
1
37
1
1
1
54
10
17
1
1
18
32
1
5
1
6
108
85
1
1
12
813
1
53
18
6
1
16
343
145
25
1
3
1
3
13
1
74
54
1
2
7
53
1
3
31
16
1
1
12
99
1
3
78
7
24
1
16
1
1
119 0.756263857159346
1
412
1
1
6
45
620
15
46
94
20
9
1
57
63
1
298
1
1
1
53
7
18
1
1
14
33
1
5
1
5
11
115
1
1
9
1544
1
23
17
6
1
22
208
167
26
1
6
1
2
13
1
98
42
1
2
8
1
65
1
34
15
51
1
20
40
1
2
93
10
1
25
1
75
1
120 0.7575126560603241
1
41
1
1
10
29
16805
153
11
68
15
11
1
101
26
1
526
1
1
1
60
13
17
1
1
17
29
1
5
1
5
5
67
1
1
14
128
1
27
15
4
1
22
133
2968
24
1
13
1
3
4
1
57
1
1
3
8
1
139
35
1
36
11
1
1
17
58
1
2
1
13
1
17
1
24
1
121 0.7615342761985356
1
77
1
1
7
158
484
90
13
53
12
6
1
88
47
1
186
1
1
1
49
10
13
1
1
14
24
11
4
29
3
5
70
1
1
14
259
1
20
9
8
1
19
709
137
33
1
18
1
3
4
1
60
1
1
1
11
1
45
1
12
10
1
1
15
68
1
1
56
16
1
17
1
33
1
122 0.7649892489455482
1
1
1
8
3183
27
13
58
10
7
1
69
1997
1
190
1
1
25
1
59
15
12
1
1
16
21
2
35
2
9
71
1
1
15
1803
1
24
8
7
1
14
6
749
32
1
13
1
2
6
1
50
1
1
1
10
367
1
49
43
1
24
19
42
1
16
178
1
127
54
11
69
13
1
62
1
123 0.766590970152649
1
1
1
18
63
32
11
78
77
15
10
1
8
37
1
12
1
1
26
1
88
16
17
1
1
13
31
2
21
1
15
58
1
1
18
27
1
11
28
6
1
8
8
455
1
5
1
2
9
1
43
35
1
1
6
1
12
1
14
16
34
1
21
13
1
248
51
3
107
15
60
26
1
124 0.7671632292692449
1
1
26
1
40
3246
15
20
15
13
944
10
17
1
7
19
27
33
481
1
20
1
373
18
15
1
1
11
13
1
24
2
193
588
1
1
10
19
27
4
4
12
1
7
8
756
1
3
1
2
7
1
39
45
1
1
8
1
100
1
17
106
37
1
16
4
1
156
46
9
9
129
54
1
125 0.7713049533016115
1
1
20
1
32
39
10
52
17
14
75
17
1
6
18
1
117
5
1
20
1
32
29
14
1
1
8
6
1
25
1
172
1185
1
1
4
19
13
3
12
42
1
8
5
1
2
1
1
13
1
62
48
1
1
19
1
34
91
32
41
1
5
1
1
11
8
9
167
8
1
126 0.7728031903925546
1
1
21
42
1
4083
16
34
15
190
11
46
142
153
27
1
6
19
19
161
4
1
27
1
37
74
1
1
9
7
1
25
1
1
18
1
1
4
59
43
3
24
1
83
6
1
36
2
1
1
32
1
678
79
1
69
14
1
36
1
45
148
1
105
4
1
90
9
10
11
2
129
9
1
127 0.774683006598845
1
1
35
28
1
173
15
43
14
438
10
96
21
19
1
5
19
18
107
4
1
16
1
9
136
1
1
10
7
1
26
1
80
13
1
1
1
160
45
3
18
1
864
4
1
121
2
1
1
25
1
144
57
1
88
20
1
39
1
32
82
555
1
46
5
1
1
8
11
9
4
76
4
1
128 0.7818024456049905
1
2
1
8
18
30
17
23
39
17
10
1
3
303
1
25
20
1
30
1
10
15
27
1
1
60
6
1
83
172
779
1
1
7
23
1
21
27
21
1
16
2
1
1
1
1
16
1
19
34
1
85
18
78
1
34742
93
14
110
1
22
7
1
1
4
6
18
4
128
11
658
1
129 0.7836149776306914
1
2
1
7
16
409
24
17
98
31
11
12
1
6
34
1
31
1
1
51
1
71
23
58
1
1
48
5
1
86
16
461
1
1
6
25
1
18
12
16
1
9
1
1
1
1
1
13
1
11
30
1
152
17
1
38
201
24
204
1
38
13
1
1
5
7
21
1
76
17
26
1
130 0.7933532810937485
1
2
1
5
72
14
18
17
7199
18
18
13
1
3
13
26
98
1
35
1
32
21
187
1
1
39
1
1
78
12
334
1
1
5
117
1
20
16
17
1
9
327
162
1
1
1
79
16
1
8
1
108
11
1
21
161
40
666
1
25
10
1
5
2
4
18
165
60
21
17
1
131 0.7963042336001837
1
58
1
1
35
7
16
42
10
75
39
24
11
1
1
11
261
7
1
15
1
57
23
1
1
67
29
1
1
49
12
224
1
1
4
204
1
33
6
15
1
138
1
43
1
1
1
77
21
1
6
1
7
10
1
65
97
93
334
1
26
286
1
5
3
12
14
1
26
26
24
1
132 0.7968312665070312
1
49
1
1
27
7
21
15
41
13
23
20
12
1
1
11
329
9
1
54
1
333
26
238
1
1
700
22
1
1
46
11
280
1
1
6
176
1
86
6
13
1
117
1
27
1
1
242
1
105
19
1
5
1
4
12
1
83
209
69
861
1
25
3910
1
5
3
11
13
1
48
26
11
1
133 0.7990001649920042
1
56
1
1
33
6
31
28
43
147
29
17
46
597
12
1
1
8
423
3
1
78
1
26
1
1
10
1
27
1
23
8
1
1
7
480
224
6
240
57
79
1
155
1
1
36
99
1
2490
15
1
7
1
3
9
1
103
277
4003
57
1
53
7
1
5
4
21
9
272
57
6
29
1
134 0.8063079436750521
1
19
1
1
4
19
341
32
110
35
11
29
22
15
1
1
8
13
6
1
76
1
222
140
24
1
1
18
1
11
37
44
9
1
1
6
62
5
31
34
44
1
16
1
1920
1
26
136
1
11
12
1
85
1
2
4
1
372
310
53
82
1
27
5
1
2
1
15
8
1012
52
58
11
1
135 0.8092951424539405
1
22
1
21
1
5
21
22
30
18
9679
15
23
14
17
1
5
9
4
62
1
992
1
345
72
18
1
1
37
42
10
74
113
9
1
1
9
113
5
9
484
1
2
1
1
1804
22
1
5
17
1
57
1
1
7
1
13
16
75
62
1
19
3
1
2
1
7
17
9
78
11
16
1
136 0.8167812687200041
1
11
29
1
27
2
112
206
20
59
32
6
110
67
33
11
1
1
3
70
1
1
32
1
572
30
1
1
12
78
9
37
29
13
14
1
1
7
48
381
36
3
65
10
18
1
100
479
60
28
1
13
108
1
33
15
1
126
1
1
5
1
113
120
32
98
1
21
6
1
1
1
5
81
86
27
26
1
137 0.8177558866147846
1
10
29
1
28
2
179
17
55
32
6
621
90
24
14
1
1
3
14
1
1
26
1
127
28
1
1
14
3
10
33
28
12
17
1
1
6
117
70
40
3
42
10
21
1
107
7
52
37
1
12
92
1
472
14
1
95
1
1
9
1
129
50
26
92
1
14
6
1
1
54
5
82
87
14
64
1
138 0.8210293419956768
1
13
28
11
50
1
1
127
82
23
16
611
9
21
9
13
1
2
2
3
60
1
66
1
196
17
1
1
26
4
7
191
163
221
1
1
7
100
84
1
6
1
1
481
1
120
13
1
7
11
1
48
1
1
5
1
14
365
38
53
45
51
1
15
1
1
418
32
8
45
6
61
5
18
1
139 0.8222299550053193
1
22
2
23
1
1
30
500
13
15
50
18
14
15
16
1
1
6
2
1
1
105
1
75
48
14
1
1
186
9
20
26
65
1
1
6
1
4
15
1
1
115
137
26
1
224
1
39
10
1
60
1
1
9
1
11
431
39
27
44
1
10
1
34
1
10
1
9
65
340
16
1
20
1
140 0.8262647242855692
1
9
2
1
101
1
115
14
205
17
14
200
39
434
42
12
1
1
2
5
216
1
38
1
82
19
1
1
25
8
174
308
6
68
1
1
8
1
10
8
14
1
1
15
26
7
1
49
76
1
153
13
1
162
1
5
3
1
43
128
29
44
52
1
10
2
123
1
14
40
58
1
15
81
46
1
141 0.826689730713736
1
27
3
1
1
27
102
82
109
8
39
71
25
11
1
1
2
3
84
1
1
9
5791
1
1
20
326
7
37
43
5
1
1
1
7
1
8
48
13
1
6
6
22
12
1
23
379
1
263
9
1
103
1
11
7
1
24
30
18
33482
1
12
1
1
7
1
228
1
14
31
17
1
142 0.8296365710563113
1
25
2
1
1
53
168
87
61
7
34
65
31
11
1
1
1
2
81
1
1
8
1
1
91
22
328
6
28
49
5
39
1
1
6
1
10
43
14
1
3
5
7
13
1
26
268
1
225
11
1
105
1
11
8
1
24
31
14
348
1
11
5
1
6
1
246
1
14
61
16
1
143 0.8322511340905342
1
2
1
1
34
38
195
236
7
20
41
25
124
14
1
1
1
2
114
1
1
5
12
1
1
22
3
97
14
8
49
1
1
2
123
1
14
40
14
1
1
11
17
8
1
53
1101
1
188
5
1
511
1
10
5
10
1
27
71
35
15
36
1
16
2
28
1
363
38
73
89
12
574
14
1
144 0.8337537712483788
1
108
1
1
1
853
66
356
41
6
19
42
57
206
10
1
54
1
2
106
1
1
4
12
1
1
39
22
2
39
14
8
42
1
1
3
1
14
22
12
1
6
12
10
213
10
1
67
225
1
158
5
1
949
1
7
4
10
1
30
68
28
16
40
1
20
1
28
1
363
42
79
95
12
255
15
1
145 0.8344518961267939
1
37
1
1
19
37
680
32
233
32
8
10
26
8
18
1
1
1
1
250
1
65
1
3
9
1
1
26
5
39
15
5
44
1
1
2
1
19
7
9
1
1
10
17
180
11
1
64
146
1
97
6
1
15
1
5
10
6
1
15
62
257
49
18
1
1
28
1
590
1
4
59
97
1
12
156
8
1
146 0.8414446415554179
1
1
1
1
29
29
53
359
8
8
29
18
26
1
3
1
97
1
1
160
1
1
11
1
1
53
3
9
2
33
1
1
2
378
119
1
8
112
23
1
7
9
19
14
1
1567
1
115
7
1
15
1
1
8
8
1
29
12
532
32
17
1
18
1
33
1
14
45
28
34
131
7
166
9
1
147 0.8419122226632224
1
1
18
16
1
1
310
32
89
8
15
21
40
1
3
1
1
69
1
145
1
1
11
1
1
31
22
4
54
14
8
108
1
1
1
11
16
90
5
10
1
5
4
22
730
1
24
7
1
45
4
1
24
1
1
13
15
1
12
19
626
37
7
1
29
1
1
18
42
67
438
12
3
10
1
148 0.8424587914928782
1
15
1
67
21
1
1
67
81
151
163
8
11
93
13
1
6
57
1
63
1
163
1
1
11
1
1
15
105
9
4
20
16
8
35
1
1
1
17
34
7
6
1
2
1
2
13
1
54
26
1
417
6
1
17
1
1
31
16
1
12
17
565
23
5
1
17
1
1
434
54
78
4743
6
6
8
1
149 0.8481672219807226
1
17
1
351
72
1
8
1
46
41
68
154
6
12
55
63
19
1
9
50
1
73
1
1
1
11
1
1
20
36
12
4
26
44
8
40
1
1
1
19
30
5
8
1
1
4
3
12
1
43
11
1
212
4
1
8
1
195
91
9
1
8
18
16
16
9
1
19
1
1
69
114
171
434
5
5
15
1
150 0.8482755398945117
1
14
1
44
34
1
8
23
54
11
32
50
37
8
12
114
16
1
9
65
88
57
118
1
1
1
10
1
1
14
21
6
3
31
24
6
41
1
1
1
17
19
8
10
1
1
9
1
14
1
19
127
1
20
5
1
22
1
237
23
1
10
35
10
19
13
8
1
16
1
1
144
113
115
313
5
4
6
1
151 0.8549496950168719
1
1
1
6
20
55
39
263
979
26
6
8
47
12
1
55
19
225
37
101
1
1
98
9
1
1
11
14
98
2
10
10
7
77
1
1
1
16
13
62
6
11
18
40
1
1
7
1
9
1
264
59
1
1
6
1
4
1
7
54
1
7
23
5
15
27
12
1
27
1
1
2
54
34
286
5
1
18
8
1
152 0.8620107773329289
1
59
1
6
183
36
121
576
14
2
8
101
10
1
62
16
146
37
135
1
1
72
9
1
1
19
17
7
1
12
9
3
70
1
1
1
16
10
37
6
7
16
72
1
1
7
809
10
1
159
54
1
1
6
1
3
1
6
30
1
10
24
4
12
27
14
1
26
47
1
1
62
327
5
49
21
8
1
153 0.8623629395587455
1
61
1
5
33
42
146
19
3
11
56
11
1
72
9
134
1
18
1
1
99
9
1
1
14
12
7
1
9
9
3
77
1
1
1
18
12
17
6
7
12
265
1
1
12
13
16
1
53
1
1
8
1
2
1
7
39
1
7
4
11
25
12
1
94
1
1
1
16
283
4
105
71
7
1
154 0.8643288512726547
1
101
1
6
31
37
8
15
3
9
8
231
8
1
1067
14
106
1
16
1
1
452
6
1
1
10
9
4
1
4
8
2
217
1
1
1
17
11
15
5
6
11
125
1
1
12
9
20
1
47
1
68
6
1
1
1
7
25
1
5
7
8
95
8
1
20
1
1
1
11
108
18
1378
18
26
1
155 0.8681482003519689
1
922
1
5
24
41
36
470
10
1
14
35
19
6
1
18
10
204
1
20
1
1
56
7
1
1
20
21
6
1
5
6
1
312
1
1
66
27
10
95
2
18
9
25
1
1
9
1
12
1
117
29
12
1
1
6
1
1
1
9
57
1
8
50
7
18
15
87
1
59
1
82
12
37
17
2
23
24
1
156 0.8691588515189722
1
93
212
1
7
50
38
109
105
9
1
9
45
12
6
1
5
9
68
28
16
1
1
64
6
1
1
10
203
147
4
1
8
5
1
120
1
1
67
36
12
126
1
55
6
1
1
11
239
16
1
41
15
1
1
13
1
1
1
107
22
1
12
11
16
11
24
95
1
80
52
52
1
83
16
1
11
1
17
1
157 0.8752804704360838
1
41
94
69
1
5
47
37
150
14
1
8
42
31
20
4
1
4
17
64
37
209
1
109
1
1
8
34
1
6
57
2
298
9
5
1
68
1
1
92
26
6
1
80
4
1
42
24
42
9
1
64
10
1
1
9
1
1
1
76
14
1
15
48
7
598
10
15
152
1
26
42
17
1
71
55
1
6
1
25
1
158 0.8790705776317574
1
36
11
1
6
250
45
25
13
1
6
30
39
20
4
1
2
30
50
35
103
1
103
1
1
7251
4
33
1
6
1
516
13
3
1
45
1
1
69
559
11
80
69
3
70
1
41
23
30
8
1
52
9
1
1
10
1
1
1
79
13
1
14
23
9
446
8
14
1
23
33
8
1
76
58
1
3
1
22
1
159 0.8808678061080697
1
26
9
1
6
194
227
44
13
11
1
7
56
70
23
4
1
2
40
51
32
76
1
1
1
74
2
29
1
10
1
14
13
3
1
48
1
1
42
13
1
53
4
53
1
38
39
938
4
1
42
20
1
216
9
1
1
1
90
16
1
10
21
7
18
6
15
1
11
29
15
1
96
152
1
5
1
554
10
1
160 0.8826627866641297
1
28
9
1
6
58
41
11
14
1
7
165
38
22
5
1
1
50
57
68
1
1
45
60
3
32
1
10
12
13
12
3
1
53
1
1
40
16
1
59
3
32
1
37
37
221
5
273
1
38
14
1
771
8
1
1
1
87
17
1
9
20
12
15
6
18
1
16
27
14
1
42
128
1
4
1
70
10
1
161 0.8844204426379991
1
25
9
73
1
4
146
28
15
9
1
6
39
23
26
3
1
64
269
63
260
1
1
44
86
2
30
1
4
1
15
8
3
43
49
1
1
33
20
1
3
33
1
30
76
694
5
65
1
31
18
1
193
7
1
1
1
3
19
1
9
69
12
17
7
12
1
10
19
16
1
286
180
1
8
1
9
1
162 0.8860463026496928
1
18
5
1
3
113
53
27
26
6
1
6
23
21
27
2
1
1
169
131
287
1
1
38
138
3
21
1
4
1
13
6
2
2
118
1
1
38
15
1
26
4
15
1
27
238
8
704
1
21
7
1
1
2
1
121
1
3
35
1
7
56
17
9
6
11
1
20
22
28
1
282
184
1
13
1
13
15
1
163 0.8892774169954413
1
6
6
69
1
3
34
326
142
132
73
11
1
4
20
15
29
4
1
1
108
229
1
1
44
14
19
1
5
7
164
9
1
2
62
1
1
47
104
1
2
32
1
1
25
7
1
19
23
10
1
69
4
1
104
1
1
44
30
1
4
50
5
16
10
15
149
1
17
19
16
1
514
2815
8
1
314
1
13
12
1
164 0.8921379002250582
1
16
4
21
1
5
27
17
18
17
1
4
33
37
15
202
1
1
2046
62
1
1
1
56
4
17
1
20
30
291
15
43
67
121
88
1
1
103
1
22
6
1
40
75
87
16
1
57
12
1
113
3
1
1
37
1
1
22
1
6
9
11
6
9
8
89
1
26
67
9
1
16
233
11
9
348
95
16
28
1
165 0.8994826803937455
1
7
3
26
31
1
2
30
48
42
181
12
25
2
12
16
13
83
1
1
87
115
1
1
38
7
14
1
5
94
5
595
15
1
11
131
1
1
70
1
2
1
200
18
1
30
7
1
65
2
1
53
1
7
20
19
1
6
34
8
6
6
13
46
1
22
13
1
192
69
8
1
629
143
37
21
1
166 0.9023248104190427
1
3
2
11
1
11
15
253
15
1
1
8
37
779
1
1
62
376
1
1
63
76
3
1
13
2
18
14
36
2
5
1
1
29
45
1
84
1
21
12
25
1
59
5
1
1
1
1
184
214
1
4
21
14
1
8
89
1
26
24
1
17
1
89
247
9
1
1
60
19
1
167 0.9026171365119141
1
6
2
31
11
63
1
8
19
150
31
98
22
1
1
16
21
26
170
1
146
94
501
225
1
1
37
5
1
15
2
302
12
66
1
10
1
1
8
24
170
1
1
727
8
1
22
7
1
35
1
1
133
43
1
15
73
28
1
54
2
42
13
30
412
1
9
1
473
30
18
1
1
11
45
1
168 0.903605465798764
1
8
3
48
20
31
1
13
14
10
481
61
1
1
7
11
12
3
1
119
32
76
41
1
7
1
54
3
1
17
32
132
183
8
96
3
6
1
1
5
19
149
1
1
3
16
1
22
20
5
1
35
1
1
55
1
7
15
1
38
9
1
18
25
23
1
11
1
8
11
20
1
1
4
1
169 0.9134086778889882
1
6
1
19
11
42
1
8
15
17
45
106
1
11
10
81
19
24
1
772
804
82
402
1
12
1
1
1
48
21
1
784
8
99
2
5
1
1
3
64
69
1
1
1
10
1
34
83
3
1
47
42
1
69
1
12
21
1
18
82
18
1
9
11
69
1
7
1
3
58
28
1
1
4
24
1
170 0.9160228596042688
1
5
1
25
7
17
1
9
12
15
27
50
167
1
17
10
15
43
1
229
1149
69
1
10
1
1
1
39
16
1
152
5
50
1
4
1
1
3
199
82
1
1
1
17
1
17
598
3
1
58
30
1
63
1
9
176
301
1
39
17
1
10
9
240
28
1
9
1
3
11
22
1
1
3
28
1
171 0.916169523875774
1
5
1
15
9
20
1
7
16
18
23
41
1
25
15
432
9
160
1
199
59
20
1
9
1
1
1
86
16
1
163
4
34
1
4
1
1
2
20
7
1
1
1
13
1
17
69
4
1
82
26
1
56
1
9
148
1
23
18
1
9
11
72
18
1
12
1
3
12
18
1
1
3
103
1
172 0.9183896472463091
1
5
1
9
8
14
1
7
15
16
17
44
42
27
7
9
196
1
172
157
19
1
7
1
1
1
127
15
1
239
6
33
1
4
1
1
3
26
142
6
1
1
1
14
1
11
28
3
1
132
1
1
56
43
1
19
70
1
112
12
1
8
14
186
30
1
2
1
1
13
10
157
28
3
1
173 0.9209058720914851
1
6
1
14
14
12
1
9
13
64
12
45
1
14
7
11
536
1
181
425
83
10
1
9
1
14
1
64
51
2
74
4
30
1
5
1
1
1
35
31
5
1
1
234
11
1
12
31
3
1
41
1
1
48
132
1
7
28
1
112
12
37
5
13
42
96
1
10
1
1
7
11
315
30
2
1
174 0.9215007554408451
1
4
1
17
11
16
1
7
10
31
15
107
137
74
47
17
8
18
165
1
111
100
9
1
12
1
161
12
1
33
1
23
4
33
1
2
1
1
2
64
23
10
49
1
110
6
1
46
266
7
1
64
47
1
67
36
1
5
20
23
1
42
18
55
4
11
1
6
1
1
254
13
83
26
1
1
175 0.9299889435896534
1
5
120
7
10
18
1
5
8
15
16
247
305
59
90
9
21
76
1
194
284
13
1
12
1
88
11
1
19
34
1
16
3
46
39
1
1
1
2
34
56
11
48
1
1
7
1
60
1185
8
1
332
32
1
81
26
1
2
15
83
1
20
9
40
2
12
1
14
1
5
86
14
104
1
1
1
176 0.9331617458480969
1
4
6
49
20
101
1
5
10
6
38
423
38
81
6
13
1
1
6
51
93
1
54
1
12
1
1
17
1
4
1
35
1
1
1
1
1
55
48
97
80
1
1
3
1
118
29
11
1
262
38
1
45
7
1
1
5
18
1
43
25
6
188
2
12
1
71
30
9
1
2
44
3
8
15
27
56
17
1
177 0.9338373739548088
1
6
5
38
1
2
10
6
23
96
9
16
1
1
6
328
64
1
1
12
1
1
389
15
1
2
1
111
1
1
1
1
1
376
34
57
14
36
1
1
7
19
1
762
15
1
10
42
1
99
10
1
1
3
77
1
38
16
9
67
2
15
1
4
1
1
32
11
29
17
22
1
113
7
1
178 0.937375281930392
1
8
5
78
1
8
4
12
19
44
66
30
18
108
1
14
46
232
1
1
11
1
1
72
1
4
1
130
56
1
1
1
227
21
59
8
347
1
73
5
34
1
170
24
1
434
92
1
53
30
1
153
12
7
1
175
66
26
1
3
1
3
1
1
50
16
24
12
1
58
1
179 0.9373948073297309
1
3
6
1
2
9
28
57
38
17
19
45
1
1271
112
109
1
1
6
1
1
76
3
4
1
49
70
1
1
1
8
84
22
15
10
1
114
4
19
1
15
26
9
1
13
43
1
60
15
1
24
11
34
1
42
33
15
1
8
1
29
7
1
1
42
16
13
11
92
1
180 0.937422647398178
1
2
5
1
3
8
84
1
46
13
14
48
1
163
22
811
301
1
1
9
1
1
33
2
8
165
1
174
1
1
1
8
99
19
43
25
1
391
4
25
1
4
242
7
1
12
37
1
67
14
1
9
7
1
3581
72
28
1
7
11
1
53
8
1
1
76
39
7
27
117
1
181 0.937855092409768
1
2
2
1
3
8
35
181
67
15
12
64
1
143
18
151
61
1
1
6
1
1
29
1
8
1
36
80
1
1
1
5
51
18
21
11
1
22
6
31
1
5
726
6
1
11
32
1
43
21
1
7
17
1
546
17
22
1
11
7
1
7
1
1
69
34
8
13
10
125
1
182 0.9449956887268399
1
1
1
1
1
7
16
32
110
7
16
1
1
273
11
41
1
338
1
5
1
1
52
16
1
5
89
1
94
70
1
1
1
1
53
19
14
1
61
10
13
1
7
134
6
1
5
1
1
57
10
1
8
4
1
56
7
1376
1
7
11
1
6
1
2
51
19
9
10
15
55
92
1
183 0.9456616097911158
1
1
1
1
1
13
38
41
38
21
6
56
61
1
8
136
24
73
1
31
1
7
1
1
11
1
8
139
355
1
7
1
1
1
54
5
1
91
26
6
1
78
95
26
11
1
12
160
6
1
3
32
1
213
15
1
1
15
1
68
17
98
1
5
18
1
20
10
1
7
196
32
63
11
677
74
14
1
184 0.9477232766891067
1
1
1
69
1
223
1484
32
30
29
10
47
58
1
9
23
27
412
1
32
1
12
57
1
12
1
5
693
114
55
2
1
1
1
10
82
2
12
89
209
33
1
49
362
111
18
20
1
11
76
9
1
4
37
1
164
16
1
1
10
1
117
108
104
1
10
13
1
12
12
1
9
112
148
33
7
78
559
23
1
185 0.96089480272762
1
1
1
40
1
21
1460
42
36
9
58
1
6
19
42
19
1
31
1
16
1
1
12
210
1
6
88
51
1
1
1
70
9
5
10
186
144
59
1
123
311
145
21
29
1
9
176
4
1
1
1
63
19
1
136
17
1
90
1
10
13
1
14
16
1
9
12
678
23
4
5
16
1
186 0.9616309920764594
1
1
45
49
1
21
176
57
25
2
70
1
6
23
31
4183
1
27
1
6
1
1
12
367
1
2
148
44
1
1
1
114
8
3
12
98
186
48
1
189
39
225
27
26
1
11
2750
4
1
1
1
471
21
1
128
20
1
748
90
1
10
17
1
24
15
1
22
13
35
2
15
4
32
1
187 0.9642820072016931
1
1
212
41
1
3
180
33
30
5
16
37
1
10
136
224
1
19
1
26
59
1
5
6
1
2
96
74
2
1
1
3
52
73
2
12
33
257
1
44
5
59
60
1
58
127
4
1
1
1
9
1
288
17
39
1
15
56
55
153
17
1
34
13
1
1
9
13
5
4
1
188 0.9664167018681078
1
28
49
47
1
2
77
42
17
3
12
25
1
9
177
88
1
18
1
17
54
1
356
9
4
1
1
305
50
1
1
1
3
62
7
1894
28
73
1
25
5
218
51
1
268
112
6
1
1
1
12
1
184
13
48
1
23
20
57
159
20
1
11
1
1
9
46
1
14
3
1
189 0.9746261349331166
1
26
27
148
1
1
77
176
47
13
5
14
37
1
6
126
71
1
25
1
14
59
1
10
1
1
100
235
39
1
1
1
3
59
9
285
19
61
1
21
4
120
34
1
136
6
1
1
1
15
1
92
12
31
1
23
26
65
62
21
1
101
9
1
1
9
32
43
1
14
2
1
190 0.9761148326025517
1
46
9
1
1
41
9
16
106
9
7
34
54
1
8
175
37
1
1
10
68
1
34
12
2
158
1
338
32
62
1
1
4
104
14
41
182
12
15
1
2
13
140
1
524
1
1
1
6
1
104
12
53
1
16
12
35
113
87
21
1
125
16
1
1
15
14
55
1
14
1
43
1
191 0.977141802756157
1
49
5
1
1
30
343
8
5
25
2
14
1
353
48
37
1
1
13
1
1
22
12
2
136
279
42
6
137
1
1
3
14
33
30
10
19
1
8
23
1
5
1
1
144
1
6
1
16
4
1
10
12
36
235
89
7
1
20
1
50
15
70
174
1
32
1
6
1
192 0.9774977755070104
1
46
5
1
225
29
8
9
33
2
18
1
14
47
36
1
1
10
1
1
31
12
2
189
283
28
5
152
1
1
3
15
32
28
11
22
1
44
6
24
175
1
8
1
1
378
1
8
1
923
3
1
10
14
37
129
94
5
1
20
1
49
20
77
124
1
36
1
9
1
193 0.9787631959936152
1
54
3
1
1
32
10
8
30
3
39
44
1
12
14
32
1
1
7
1
1
61
7
1
334
1
25
7
2
1
1
5
17
23
61
12
9
1
47
20
61
62
1
4
1
1
1
5
1
241
4
1
9
12
89
731
10
1
22
1
14
39
20
148
1
107
1
13
140
1
194 0.991204855919225
1
42
2
1
158
61
127
10
11
12
2
42
41
1
9
8
25
1
1
152
11
32
1
35
4
1
35
451
14
7
1
1
1
1
13
20
81
6
13
1
42
504
47
28
1
2
1
22
1
5
1
469
4
1
6
10
45
12
1
20
1
11
558
105
89
1
389
1
11
9
1
195 0.9921509370767756
1
46
2
1
186
668
24583
6
10
14
2
33
29
1
11
8
1
1
162
4
33
1
26
9
1
33
695
7
8
1
1
1
1
21
20
71
7
8
1
42
174
53
210
26
1
3
1
1
5
1
368
4
1
7
9
32
14
1
20
1
14
1030
137
57
66
11
1
10
11
1
196 0.996553741995109
1
55
1
85
1
1
115
11
10
24
11
28
48
1
10
3
1
1
42
7
30
1
118
8
44
7
1
18
14
118
1
1
56
13
303
24
3
8
16
1
17
29
19
43
242
1
40
1
1
3
1
829
6
1
5
7
80
10
1
286
1
8
126
119
178
28
1
13
8
1
197 1.0043079708603642
1
59
1
1
111
124
9
13
27
14
22
2911
1
6
3
1
1
72
7
1
9
40
6
1
16
12
110
1
1
70
15
220
26
3
220
4
15
1
20
40
41
35
85
1
47
1
1
2
616
1
130
4
1
1
7
33
12
1
169
126
1
5
106
34
118
389
18
1
12
18
1
198 1.0109651811499207
1
125
24
1
1
41
7
16
19
102
20
14
34
1
5
3
12
1
1
5
1
7
45
2
1
17
1
1
1
1
176
16
17
7
53
106
31
1
11
9
12
53
75
1
85
1
1
13
1
1
9
1
1
9
10
40
11
1
44
209
14
1
5
41
20
93
6
8
25
23
36
1