[[0. , 0. , 0. , 0. , 0. , 0. , 0. , 0. , 0. , 0. , 0. , 0. , 0. , 0. , 0. ,
 0. , 0.5, 0. , 0. , 0. , 0. , 0. , 0. , 0. , 0. , 0. , 0. , 0. , 0. , 0. ,
 0. , 0. ]
,[0. , 0. , 0. , 0. , 0. , 0. , 0. , 0. , 0. , 0. , 0. , 0. , 0. , 0. , 0. ,
 0. , 0.5, 0. , 0. , 0. , 0. , 0. , 0. , 0. , 0. , 0. , 0. , 0. , 0. , 0. ,
 0. , 0. ]
,[0. , 0. , 0. , 0. , 0. , 0. , 0. , 0. , 0. , 0. , 0. , 0. , 0. , 0. , 0. ,
 0. , 0.5, 0. , 0. , 0. , 0. , 0. , 0. , 0. , 0. , 0. , 0. , 0. , 0. , 0. ,
 0. , 0. ]
,[0.     , 0.     , 0.     , 0.     , 0.     , 0.     , 0.     , 0.     ,
 0.     , 0.     , 0.     , 0.     , 0.     , 0.     , 0.     , 0.83003,
 0.5    , 0.     , 0.     , 0.     , 0.     , 0.     , 0.     , 0.     ,
 0.     , 0.     , 0.     , 0.     , 0.     , 0.     , 0.     , 0.     ]
,[0.     , 0.     , 0.     , 0.     , 0.     , 0.     , 0.     , 0.     ,
 0.     , 0.     , 0.     , 0.     , 0.     , 0.     , 0.     , 0.75064,
 0.5    , 0.     , 0.     , 0.     , 0.     , 0.     , 0.     , 0.     ,
 0.     , 0.     , 0.     , 0.     , 0.     , 0.     , 0.     , 0.     ]
,[0.     , 0.     , 0.     , 0.     , 0.     , 0.     , 0.     , 0.     ,
 0.     , 0.     , 0.     , 0.     , 0.     , 0.     , 0.     , 0.85778,
 0.5    , 0.     , 0.     , 0.     , 0.     , 0.     , 0.     , 0.     ,
 0.     , 0.     , 0.     , 0.     , 0.     , 0.     , 0.     , 0.     ]
,[0.     , 0.     , 0.     , 0.     , 0.     , 0.     , 0.     , 0.     ,
 0.     , 0.     , 0.     , 0.     , 0.     , 0.     , 0.     , 0.92358,
 0.5    , 0.     , 0.     , 0.     , 0.     , 0.     , 0.     , 0.     ,
 0.     , 0.     , 0.     , 0.     , 0.     , 0.     , 0.     , 0.     ]
,[0.     , 0.     , 0.     , 0.     , 0.     , 0.     , 0.     , 0.     ,
 0.     , 0.     , 0.     , 0.     , 0.     , 0.     , 0.     , 0.94789,
 0.5    , 0.09064, 0.03754, 0.     , 0.     , 0.     , 0.     , 0.     ,
 0.     , 0.     , 0.     , 0.     , 0.     , 0.     , 0.     , 0.     ]
,[0.     , 0.     , 0.     , 0.     , 0.     , 0.     , 0.     , 0.     ,
 0.     , 0.     , 0.     , 0.     , 0.     , 0.98037, 0.93391, 0.87876,
 0.5    , 0.36326, 0.24797, 0.1127 , 0.03231, 0.     , 0.     , 0.     ,
 0.     , 0.     , 0.     , 0.     , 0.     , 0.     , 0.     , 0.     ]
,[0.     , 0.     , 0.     , 0.     , 0.     , 0.     , 0.     , 0.     ,
 0.     , 0.     , 0.9929 , 0.94964, 0.92351, 0.88083, 0.81889, 0.78154,
 0.5    , 0.32875, 0.22225, 0.13626, 0.056  , 0.02142, 0.     , 0.     ,
 0.     , 0.     , 0.     , 0.     , 0.     , 0.     , 0.     , 0.     ]
,[0.     , 0.     , 0.     , 0.     , 0.     , 0.     , 0.     , 0.     ,
 0.     , 0.     , 0.9962 , 0.97305, 0.94619, 0.87192, 0.79446, 0.66948,
 0.5    , 0.387  , 0.27686, 0.1518 , 0.07034, 0.04059, 0.0033 , 0.     ,
 0.     , 0.     , 0.     , 0.     , 0.     , 0.     , 0.     , 0.     ]
,[0.     , 0.     , 0.     , 0.     , 0.     , 0.     , 0.     , 0.     ,
 0.     , 0.     , 0.9981 , 0.9865 , 0.96832, 0.89273, 0.79864, 0.65436,
 0.5    , 0.35101, 0.25111, 0.15154, 0.06494, 0.02033, 0.00165, 0.     ,
 0.     , 0.     , 0.     , 0.     , 0.     , 0.     , 0.     , 0.     ]]
